10,281
10,157
10,201
10,113
10,253
10,19
10,287
10,2
10,3
11,15
11,17
9,7
8,8
8,11
8,13
8,12
8,4
8,10
8,2
8,3
57,3
57,2
57,1
57,0
55,4
55,3
55,2
55,1
55,0
48,6
48,5
48,4
48,3
48,2
48,1
48,0
42,3
42,2
42,1
38,3
38,2
38,1
20,2
20,1
20,3
19,2
19,1
17,3
17,2
17,1
16,3
16,2
16,1
15,3
15,2
19,3
15,1
14,2
13,2
12,3
12,2
12,1
11,30
11,29
11,27
11,26
11,25
11,22
11,20
11,19
11,16
11,14
11,13
11,12
11,11
11,9
11,8
11,7
11,5
11,4
11,3
11,2
11,1
10,309
10,305
10,300
10,297
10,289
10,282
10,269
10,267
10,259
10,257
10,252
10,245
10,231
10,227
10,213
10,209
10,205
10,199
10,197
10,185
10,174
10,151
10,145
10,141
10,135
10,131
